Ime = Sheriff Department
X = -202.135284
Y = 977.781738
Z = 18.909204
