Ime = Hitna Pomoc
X = -319.576446
Y = 1061.836914
Z = 19.742187
