Ime = Parking Servis
X = -86.010810
Y = 1106.179077
Z = 19.742187
