Ime = Novinari
X = -83.799743
Y = 1091.393920
Z = 19.654716
