Ime = Opstina
X = -214.820053
Y = 1148.418212
Z = 19.755638
