Ime = Banka
X = -176.896728
Y = 1114.283447
Z = 19.809537
