X = 44.114101
Y = 1223.960083
Z = 18.834224
rX = 0.000000
rY = 0.000000
rZ = 0.000000
