X = -311.980346
Y = 1112.109375
Z = 19.432180
rX = 0.000000
rY = 0.000000
rZ = 0.000000
