X = -242.540145
Y = 1112.637573
Z = 19.422180
rX = 0.000000
rY = 0.000000
rZ = 0.000000
