X = -264.403808
Y = 1037.647827
Z = 19.442182
rX = 0.000000
rY = 0.000000
rZ = 0.000000
