X = -218.786819
Y = 974.087707
Z = 19.221923
rX = 0.000000
rY = 0.000000
rZ = 89.900001
