X = -166.712127
Y = 993.479736
Z = 18.806720
rX = 0.000000
rY = 0.000000
rZ = 0.000000
