X = -135.450180
Y = 954.830688
Z = 19.983976
rX = 0.000000
rY = -3.400000
rZ = 0.000000
