X = -100.187103
Y = 987.879272
Z = 19.540027
rX = 0.000000
rY = 0.000000
rZ = 0.000000
