X = -120.348693
Y = 1057.218750
Z = 19.614595
rX = 0.000000
rY = 0.000000
rZ = 85.900001
