X = -51.496257
Y = 1067.040771
Z = 19.452180
rX = 0.000000
rY = 0.000000
rZ = -88.799995
