X = -4.477209
Y = 1132.199584
Z = 19.347190
rX = 0.000000
rY = 0.000000
rZ = 0.000000
