X = -15.722255
Y = 1219.788330
Z = 19.112741
rX = 0.000000
rY = 0.000000
rZ = 90.299957
