X = 60.552158
Y = 994.261047
Z = 14.039466
rX = 0.000000
rY = 0.000000
rZ = 0.000000
