X = 21.326261
Y = 961.085571
Z = 19.713615
rX = 0.000000
rY = 0.000000
rZ = 0.000000
