X = -31.316389
Y = 944.460876
Z = 18.916322
rX = 0.000000
rY = 0.000000
rZ = 101.599998
