X = -58.833396
Y = 964.611572
Z = 19.624008
rX = 0.000000
rY = 0.000000
rZ = 0.000000
