X = -78.696823
Y = 908.420715
Z = 21.352838
rX = 0.000000
rY = -2.299999
rZ = 0.000000
