X = -121.699638
Y = 870.218627
Z = 18.118017
rX = 0.000000
rY = 0.000000
rZ = 0.000000
