X = 1210.210449
Y = 270.802154
Z = 19.306251
rX = 0.000000
rY = 0.000000
rZ = -119.000022
