X = 1381.685791
Y = 259.823272
Z = 19.316926
rX = 0.000000
rY = 0.000000
rZ = 153.200012
