X = 1425.100097
Y = 269.179748
Z = 19.224679
rX = 0.000000
rY = 0.000000
rZ = 154.400039
