X = 1340.761596
Y = 400.599182
Z = 19.284679
rX = 0.000000
rY = 0.000000
rZ = -26.300004
