X = -38.262596
Y = 1183.259155
Z = 19.122026
rX = 0.000000
rY = 0.000000
rZ = 90.000007
