X = 1379.003051
Y = 476.345428
Z = 19.705167
rX = 0.000000
rY = 0.000000
rZ = 151.300079
