X = -87.246986
Y = 1209.434326
Z = 19.482181
rX = 0.000000
rY = 0.000000
rZ = -179.799972
