X = -121.669967
Y = 1132.467163
Z = 19.412179
rX = 0.000000
rY = 0.000000
rZ = -179.899963
