X = -241.522674
Y = 1207.408325
Z = 19.333744
rX = 0.000000
rY = 0.000000
rZ = 0.000000
