X = -287.479614
Y = 1134.524169
Z = 19.482181
rX = 0.000000
rY = 0.000000
rZ = -179.999954
