X = -379.377441
Y = 1124.528076
Z = 19.338596
rX = 0.000000
rY = 0.000000
rZ = 90.299987
