Owner = 
Owned = 0
Cena = 250000
Level = 5
Neaktivnost = 0
Precnik = 10
X = 247.878906
Y = 1089.491455
Z = 14.621465
BrojStabala = 0
