Owner = 
Owned = 0
Cena = 250000
Level = 5
Neaktivnost = 0
Precnik = 10
X = 248.033599
Y = 1072.191406
Z = 16.795619
BrojStabala = 0
