Owner = 
Owned = 0
Cena = 250000
Level = 5
Neaktivnost = 0
Precnik = 10
X = 247.732925
Y = 1049.299926
Z = 21.846828
BrojStabala = 0
