Owner = 
Owned = 0
Cena = 250000
Level = 5
Neaktivnost = 0
Precnik = 10
X = 269.292602
Y = 1046.342773
Z = 23.068092
BrojStabala = 0
