Owner = 
Owned = 0
Cena = 250000
Level = 5
Neaktivnost = 0
Precnik = 10
X = 269.722625
Y = 1072.191162
Z = 17.607452
BrojStabala = 0
