Owner = 
Owned = 0
Cena = 250000
Level = 5
Neaktivnost = 0
Precnik = 10
X = 270.654357
Y = 1089.270751
Z = 14.089570
BrojStabala = 0
