Owner = 
Owned = 0
Cena = 100000
Level = 4
Neaktivnost = 0
Tip = 2
X = -258.395294
Y = 1168.878662
Z = 20.939863
Sef = 0
Zakljucana = 0
