Owner = 
Owned = 0
Cena = 75000
Level = 3
Neaktivnost = 0
Tip = 1
X = -17.493585
Y = 1215.414428
Z = 19.352745
Sef = 0
Zakljucana = 0
