Owner = 
Owned = 0
Cena = 75000
Level = 3
Neaktivnost = 0
Tip = 1
X = -26.834306
Y = 1215.241088
Z = 19.352293
Sef = 0
Zakljucana = 0
