Owner = 
Owned = 0
Cena = 75000
Level = 3
Neaktivnost = 0
Tip = 1
X = -36.008777
Y = 1215.245239
Z = 19.352293
Sef = 0
Zakljucana = 0
