Owner = 
Owned = 0
Cena = 75000
Level = 3
Neaktivnost = 0
Tip = 1
X = -17.445297
Y = 1215.311157
Z = 22.464834
Sef = 0
Zakljucana = 0
