Owner = 
Owned = 0
Cena = 75000
Level = 3
Neaktivnost = 0
Tip = 1
X = -63.303844
Y = 1210.946166
Z = 19.664474
Sef = 0
Zakljucana = 0
