Owner = 
Owned = 0
Cena = 75000
Level = 3
Neaktivnost = 0
Tip = 1
X = -68.073371
Y = 1221.827270
Z = 19.660539
Sef = 0
Zakljucana = 0
