Owner = 
Owned = 0
Cena = 75000
Level = 3
Neaktivnost = 0
Tip = 1
X = -68.075370
Y = 1223.528442
Z = 19.650592
Sef = 0
Zakljucana = 0
