Owner = 
Owned = 0
Cena = 100000
Level = 4
Neaktivnost = 0
Tip = 2
X = -258.246520
Y = 1151.127685
Z = 20.939865
Sef = 0
Zakljucana = 0
