Owner = 
Owned = 0
Cena = 75000
Level = 3
Neaktivnost = 0
Tip = 1
X = -68.073440
Y = 1221.801879
Z = 22.440261
Sef = 0
Zakljucana = 0
