Owner = 
Owned = 0
Cena = 75000
Level = 3
Neaktivnost = 0
Tip = 1
X = -68.073562
Y = 1223.507690
Z = 22.440261
Sef = 0
Zakljucana = 0
