Owner = 
Owned = 0
Cena = 75000
Level = 3
Neaktivnost = 0
Tip = 1
X = -63.308414
Y = 1234.384277
Z = 22.440261
Sef = 0
Zakljucana = 0
