Owner = 
Owned = 0
Cena = 75000
Level = 3
Neaktivnost = 0
Tip = 1
X = -63.309520
Y = 1234.385620
Z = 19.528770
Sef = 0
Zakljucana = 0
