Owner = 
Owned = 0
Cena = 150000
Level = 4
Neaktivnost = 0
Tip = 3
X = -369.814941
Y = 1169.504638
Z = 20.271875
Sef = 0
Zakljucana = 0
