Owner = 
Owned = 0
Cena = 100000
Level = 4
Neaktivnost = 0
Tip = 2
X = -360.845245
Y = 1141.698974
Z = 20.939867
Sef = 0
Zakljucana = 0
