Owner = 
Owned = 0
Cena = 75000
Level = 3
Neaktivnost = 0
Tip = 1
X = -77.933898
Y = 1234.475708
Z = 19.742187
Sef = 0
Zakljucana = 0
