Owner = 
Owned = 0
Cena = 75000
Level = 3
Neaktivnost = 0
Tip = 1
X = -90.815376
Y = 1229.739624
Z = 19.742187
Sef = 0
Zakljucana = 0
