Owner = 
Owned = 0
Cena = 75000
Level = 3
Neaktivnost = 0
Tip = 1
X = -88.906860
Y = 1229.737915
Z = 19.742187
Sef = 0
Zakljucana = 0
