Owner = 
Owned = 0
Cena = 75000
Level = 3
Neaktivnost = 0
Tip = 1
X = -101.607864
Y = 1234.390991
Z = 19.742187
Sef = 0
Zakljucana = 0
