Owner = 
Owned = 0
Cena = 75000
Level = 3
Neaktivnost = 0
Tip = 1
X = -101.608070
Y = 1234.406616
Z = 22.440261
Sef = 0
Zakljucana = 0
