Owner = 
Owned = 0
Cena = 75000
Level = 3
Neaktivnost = 0
Tip = 1
X = -88.952415
Y = 1229.739990
Z = 22.440261
Sef = 0
Zakljucana = 0
