Owner = 
Owned = 0
Cena = 100000
Level = 4
Neaktivnost = 0
Tip = 2
X = -260.240783
Y = 1120.025878
Z = 20.939867
Sef = 0
Zakljucana = 0
