Owner = 
Owned = 0
Cena = 100000
Level = 4
Neaktivnost = 0
Tip = 2
X = -328.246795
Y = 1118.882446
Z = 20.939863
Sef = 0
Zakljucana = 0
