Owner = 
Owned = 0
Cena = 100000
Level = 4
Neaktivnost = 0
Tip = 2
X = -362.839263
Y = 1110.651977
Z = 20.939865
Sef = 0
Zakljucana = 0
