Owner = 
Owned = 0
Cena = 100000
Level = 4
Neaktivnost = 0
Tip = 2
X = -258.842956
Y = 1083.067749
Z = 20.939867
Sef = 0
Zakljucana = 0
