Owner = TazGee
Owned = 0
Cena = 75000
Level = 3
Neaktivnost = 0
Tip = 1
X = 13.652413
Y = 1210.734130
Z = 19.345514
Sef = 0
Zakljucana = 0
