Owner = 
Owned = 0
Cena = 100000
Level = 4
Neaktivnost = 0
Tip = 2
X = -258.246948
Y = 1043.866088
Z = 20.939863
Sef = 0
Zakljucana = 0
