Owner = 
Owned = 0
Cena = 100000
Level = 4
Neaktivnost = 0
Tip = 2
X = -278.902587
Y = 1003.067565
Z = 20.939867
Sef = 0
Zakljucana = 0
