Owner = 
Owned = 0
Cena = 75000
Level = 3
Neaktivnost = 0
Tip = 1
X = -234.028289
Y = 1051.999633
Z = 19.734390
Sef = 0
Zakljucana = 0
