Owner = 
Owned = 0
Cena = 100000
Level = 4
Neaktivnost = 0
Tip = 2
X = -45.104022
Y = 1081.075195
Z = 20.939863
Sef = 0
Zakljucana = 0
