Owner = 
Owned = 0
Cena = 100000
Level = 4
Neaktivnost = 0
Tip = 2
X = -36.060508
Y = 1115.605468
Z = 20.939863
Sef = 0
Zakljucana = 0
