Owner = 
Owned = 0
Cena = 100000
Level = 4
Neaktivnost = 0
Tip = 2
X = -18.246889
Y = 1115.667358
Z = 20.939865
Sef = 0
Zakljucana = 0
