Owner = 
Owned = 0
Cena = 100000
Level = 4
Neaktivnost = 0
Tip = 2
X = 1.693621
Y = 1076.020019
Z = 20.939865
Sef = 0
Zakljucana = 0
