Owner = 
Owned = 0
Cena = 75000
Level = 3
Neaktivnost = 0
Tip = 1
X = -223.798843
Y = 1212.436889
Z = 23.415174
Sef = 0
Zakljucana = 0
