Owner = 
Owned = 0
Cena = 100000
Level = 4
Neaktivnost = 0
Tip = 2
X = -153.176361
Y = 907.105102
Z = 19.301181
Sef = 0
Zakljucana = 0
