Owner = 
Owned = 0
Cena = 75000
Level = 3
Neaktivnost = 0
Tip = 1
X = 13.812612
Y = 1220.007446
Z = 19.338825
Sef = 0
Zakljucana = 0
