Owner = 
Owned = 0
Cena = 100000
Level = 4
Neaktivnost = 0
Tip = 2
X = -152.530593
Y = 881.812683
Z = 18.440176
Sef = 0
Zakljucana = 0
