Owner = 
Owned = 0
Cena = 100000
Level = 4
Neaktivnost = 0
Tip = 2
X = -121.147766
Y = 857.503173
Z = 18.582431
Sef = 0
Zakljucana = 0
