Owner = 
Owned = 0
Cena = 100000
Level = 4
Neaktivnost = 0
Tip = 2
X = -123.090431
Y = 874.792541
Z = 18.730869
Sef = 0
Zakljucana = 0
