Owner = 
Owned = 0
Cena = 100000
Level = 4
Neaktivnost = 0
Tip = 2
X = -91.925018
Y = 887.123107
Z = 21.254306
Sef = 0
Zakljucana = 0
