Owner = 
Owned = 0
Cena = 100000
Level = 4
Neaktivnost = 0
Tip = 2
X = -123.464477
Y = 917.744140
Z = 19.956579
Sef = 0
Zakljucana = 0
