Owner = 
Owned = 0
Cena = 100000
Level = 4
Neaktivnost = 0
Tip = 2
X = -86.683441
Y = 915.689697
Z = 21.107061
Sef = 0
Zakljucana = 0
