Owner = 
Owned = 0
Cena = 100000
Level = 4
Neaktivnost = 0
Tip = 2
X = -52.895481
Y = 894.156799
Z = 22.387119
Sef = 0
Zakljucana = 0
