Owner = 
Owned = 0
Cena = 100000
Level = 4
Neaktivnost = 0
Tip = 2
X = -83.013229
Y = 933.002746
Z = 20.695228
Sef = 0
Zakljucana = 0
