Owner = 
Owned = 0
Cena = 100000
Level = 4
Neaktivnost = 0
Tip = 2
X = -54.679454
Y = 918.716125
Z = 22.371494
Sef = 0
Zakljucana = 0
