Owner = 
Owned = 0
Cena = 100000
Level = 4
Neaktivnost = 0
Tip = 2
X = -56.393886
Y = 935.257812
Z = 21.207431
Sef = 0
Zakljucana = 0
