Owner = 
Owned = 0
Cena = 75000
Level = 3
Neaktivnost = 0
Tip = 1
X = 13.732945
Y = 1229.305786
Z = 19.341556
Sef = 0
Zakljucana = 0
