Owner = 
Owned = 0
Cena = 100000
Level = 4
Neaktivnost = 0
Tip = 2
X = -92.562637
Y = 970.021362
Z = 19.981498
Sef = 0
Zakljucana = 0
