Owner = 
Owned = 0
Cena = 100000
Level = 4
Neaktivnost = 0
Tip = 2
X = -66.952316
Y = 971.509033
Z = 19.886558
Sef = 0
Zakljucana = 0
