Owner = 
Owned = 0
Cena = 100000
Level = 4
Neaktivnost = 0
Tip = 2
X = -37.682994
Y = 962.446472
Z = 20.051181
Sef = 0
Zakljucana = 0
