Owner = 
Owned = 0
Cena = 100000
Level = 4
Neaktivnost = 0
Tip = 2
X = -15.408390
Y = 934.292663
Z = 21.105869
Sef = 0
Zakljucana = 0
