Owner = 
Owned = 0
Cena = 100000
Level = 4
Neaktivnost = 0
Tip = 2
X = -4.251873
Y = 950.993041
Z = 19.703125
Sef = 0
Zakljucana = 0
