Owner = 
Owned = 0
Cena = 100000
Level = 4
Neaktivnost = 0
Tip = 2
X = -12.841976
Y = 974.936767
Z = 19.797866
Sef = 0
Zakljucana = 0
