Owner = 
Owned = 0
Cena = 100000
Level = 4
Neaktivnost = 0
Tip = 2
X = 22.660924
Y = 968.135253
Z = 19.839817
Sef = 0
Zakljucana = 0
