Owner = 
Owned = 0
Cena = 100000
Level = 4
Neaktivnost = 0
Tip = 2
X = 20.752435
Y = 948.828796
Z = 20.316806
Sef = 0
Zakljucana = 0
