Owner = 
Owned = 0
Cena = 100000
Level = 4
Neaktivnost = 0
Tip = 2
X = 31.405506
Y = 923.859802
Z = 23.600866
Sef = 0
Zakljucana = 0
