Owner = 
Owned = 0
Cena = 100000
Level = 4
Neaktivnost = 0
Tip = 2
X = 17.844951
Y = 908.977294
Z = 23.957542
Sef = 0
Zakljucana = 0
