Owner = 
Owned = 0
Cena = 75000
Level = 3
Neaktivnost = 0
Tip = 1
X = 13.658670
Y = 1210.668701
Z = 22.503162
Sef = 0
Zakljucana = 0
