Owner = 
Owned = 0
Cena = 100000
Level = 4
Neaktivnost = 0
Tip = 2
X = 70.316398
Y = 973.932861
Z = 15.754888
Sef = 0
Zakljucana = 0
