Owner = 
Owned = 0
Cena = 100000
Level = 4
Neaktivnost = 0
Tip = 2
X = 64.942863
Y = 1005.231811
Z = 13.760229
Sef = 0
Zakljucana = 0
