Owner = 
Owned = 0
Cena = 200000
Level = 5
Neaktivnost = 0
Tip = 3
X = -119.063537
Y = 962.862609
Z = 20.697265
Sef = 0
Zakljucana = 0
