Owner = 
Owned = 0
Cena = 200000
Level = 5
Neaktivnost = 0
Tip = 3
X = -119.397880
Y = 991.352905
Z = 20.662410
Sef = 0
Zakljucana = 0
