Owner = 
Owned = 0
Cena = 200000
Level = 5
Neaktivnost = 0
Tip = 3
X = -100.198654
Y = 996.780029
Z = 20.662410
Sef = 0
Zakljucana = 0
