Owner = 
Owned = 0
Cena = 200000
Level = 5
Neaktivnost = 0
Tip = 3
X = -119.414604
Y = 1008.797363
Z = 20.697265
Sef = 0
Zakljucana = 0
