Owner = 
Owned = 0
Cena = 200000
Level = 5
Neaktivnost = 0
Tip = 3
X = -100.045326
Y = 1024.335327
Z = 20.697265
Sef = 0
Zakljucana = 0
