Owner = 
Owned = 0
Cena = 200000
Level = 5
Neaktivnost = 0
Tip = 3
X = -119.496932
Y = 1037.341186
Z = 20.662410
Sef = 0
Zakljucana = 0
