Owner = 
Owned = 0
Cena = 200000
Level = 5
Neaktivnost = 0
Tip = 3
X = -103.746322
Y = 1048.818603
Z = 20.537260
Sef = 0
Zakljucana = 0
