Owner = 
Owned = 0
Cena = 200000
Level = 5
Neaktivnost = 0
Tip = 3
X = -78.944717
Y = 1050.353393
Z = 20.482389
Sef = 0
Zakljucana = 0
