Owner = 
Owned = 0
Cena = 200000
Level = 5
Neaktivnost = 0
Tip = 3
X = -137.679122
Y = 1041.293945
Z = 20.697265
Sef = 0
Zakljucana = 0
