Owner = 
Owned = 0
Cena = 200000
Level = 5
Neaktivnost = 0
Tip = 3
X = -153.680282
Y = 1041.321411
Z = 20.527261
Sef = 0
Zakljucana = 0
