Owner = 
Owned = 0
Cena = 200000
Level = 5
Neaktivnost = 0
Tip = 3
X = -158.506896
Y = 1055.156738
Z = 20.592361
Sef = 0
Zakljucana = 0
