Owner = 
Owned = 0
Cena = 200000
Level = 5
Neaktivnost = 0
Tip = 3
X = -177.394790
Y = 998.666992
Z = 20.447231
Sef = 0
Zakljucana = 0
