Owner = 
Owned = 0
Cena = 200000
Level = 5
Neaktivnost = 0
Tip = 3
X = -177.688888
Y = 974.077758
Z = 19.370103
Sef = 0
Zakljucana = 0
