Owner = 
Owned = 0
Cena = 200000
Level = 5
Neaktivnost = 0
Tip = 3
X = -157.692398
Y = 992.292846
Z = 19.182373
Sef = 0
Zakljucana = 0
