Owner = 
Owned = 0
Cena = 200000
Level = 5
Neaktivnost = 0
Tip = 3
X = -143.710418
Y = 980.012329
Z = 19.607240
Sef = 0
Zakljucana = 0
