Owner = 
Owned = 0
Cena = 200000
Level = 5
Neaktivnost = 0
Tip = 3
X = -157.523422
Y = 974.059875
Z = 19.167230
Sef = 0
Zakljucana = 0
