Owner = 
Owned = 0
Cena = 200000
Level = 5
Neaktivnost = 0
Tip = 3
X = -143.713500
Y = 964.987426
Z = 19.622385
Sef = 0
Zakljucana = 0
