Ime = Admin Baza
X = -2430.085937
Y = 523.471984
Z = 30.382812
