Ime = Vip Baza
X = 1757.724487
Y = 2075.904296
Z = 10.820311
