Ime = Promoter Baza
X = 1067.574340
Y = 2414.178466
Z = 10.820311
