Ime = Las Barrancas
X = -799.599914
Y = 1553.144531
Z = 27.117187
