X = 57.874305
Y = 1213.578735
Z = 18.856637
Firma = 4
