X = 57.843856
Y = 1219.119140
Z = 18.860950
Firma = 4
