X = 57.813377
Y = 1224.563964
Z = 18.879852
Firma = 4
