X = 1381.068115
Y = 457.266418
Z = 19.928634
Firma = 6
