X = 1383.146118
Y = 462.460266
Z = 20.143470
Firma = 6
