X = -270.801849
Y = 1530.856689
Z = 32.992340
