X = -14.722154
Y = 1176.173583
Z = 19.563381
