X = 1020.243469
Y = -0.994739
Z = 1001.085937
