X = 361.580413
Y = 159.473159
Z = 1008.382812
