Owner = 
Owned = 0
Cena = 0
Level = 0
Neaktivnost = 0
Tip = 0
X = 0.000000
Y = 0.000000
Z = 0.000000
Kasa = 0
Produkti = 0
