Owner = 
Owned = 0
Cena = 750000
Level = 7
Neaktivnost = 0
Tip = 1
X = -92.468482
Y = 1188.713012
Z = 19.742187
Kasa = 0
Produkti = 100
