Owner = 
Owned = 0
Cena = 750000
Level = 10
Neaktivnost = 0
Tip = 7
X = 1217.774902
Y = 145.259155
Z = 20.475070
Kasa = 10000
Produkti = 99
