Owner = 
Owned = 0
Cena = 450000
Level = 5
Neaktivnost = 0
Tip = 2
X = 172.860198
Y = 1176.985107
Z = 14.757811
Kasa = 0
Produkti = 100
