Owner = 
Owned = 0
Cena = 1250000
Level = 10
Neaktivnost = 0
Tip = 7
X = -93.730133
Y = 1371.818725
Z = 10.391939
Kasa = 0
Produkti = 100
