Owner = 
Owned = 0
Cena = 950000
Level = 10
Neaktivnost = 0
Tip = 8
X = 37.914115
Y = 1224.472290
Z = 19.196861
Kasa = 0
Produkti = 100
