Owner = 
Owned = 0
Cena = 500000
Level = 8
Neaktivnost = 0
Tip = 4
X = -205.796279
Y = 1062.239746
Z = 19.742187
Kasa = 600
Produkti = 98
