Owner = 
Owned = 0
Cena = 500000
Level = 10
Neaktivnost = 0
Tip = 8
X = 1383.326416
Y = 465.524688
Z = 20.191875
Kasa = 0
Produkti = 100
