Owner = 
Owned = 0
Cena = 500000
Level = 10
Neaktivnost = 0
Tip = 5
X = -315.743652
Y = 829.898742
Z = 14.242186
Kasa = 0
Produkti = 100
