Owner = 
Owned = 0
Cena = 550000
Level = 10
Neaktivnost = 0
Tip = 6
X = -205.599533
Y = 1032.962036
Z = 19.945362
Kasa = 0
Produkti = 100
