Owner = 
Owned = 0
Cena = 500000
Level = 10
Neaktivnost = 0
Tip = 5
X = 1356.934936
Y = 307.654998
Z = 19.747299
Kasa = 0
Produkti = 100
