Ime = Prevoznik Novca
X = -137.282882
Y = 1149.275878
Z = 19.404413
