ObjID = 980
X = 1535.009643
Y = -1452.120727
Z = 14.482814
RX = 0.000000
RY = 0.000000
RZ = 0.000000
OX = 1535.009643
OY = -1452.120727
OZ = 9.622800
ORX = 0.000000
ORY = 0.000000
ORZ = 0.000000
OrgID = 0
Perm = 0
