ObjID = 968
X = -630.395019
Y = 641.378723
Z = 16.411342
RX = 0.600000
RY = 89.700004
RZ = 66.000076
OX = -630.395019
OY = 641.378723
OZ = 16.511342
ORX = 0
ORY = 0
ORZ = 66.000076
OrgID = 0
Perm = 7
