ObjID = 968
X = -165.862609
Y = 375.688812
Z = 11.840442
RX = -0.100000
RY = 90.199913
RZ = -13.799984
OX = -165.862609
OY = 375.688812
OZ = 11.940442
ORX = -0.100000
ORY = -1.400080
ORZ = -13.799984
OrgID = 0
Perm = 7
