ObjID = 968
X = -171.305511
Y = 354.334655
Z = 11.781269
RX = 0.000000
RY = -90.499992
RZ = -14.400007
OX = -171.305511
OY = 354.334655
OZ = 11.881269
ORX = 0.000000
ORY = -1.200014
ORZ = -14.400007
OrgID = 0
Perm = 7
