ObjID = 980
X = -2433.864501
Y = 497.398559
Z = 31.682031
RX = 0.000000
RY = 0.000000
RZ = 25.699987
OX = -2433.864501
OY = 497.398559
OZ = 26.142030
ORX = 0.000000
ORY = 0.000000
ORZ = 25.699987
OrgID = 0
Perm = 0
