ObjID = 980
X = 1758.257690
Y = 2062.987548
Z = 12.690303
RX = 0.000000
RY = 0.000000
RZ = 0.000000
OX = 1758.257690
OY = 2062.987548
OZ = 7.160302
ORX = 0.000000
ORY = 0.000000
ORZ = 0.000000
OrgID = 0
Perm = 0
