ObjID = 980
X = 1067.308837
Y = 2403.247558
Z = 12.420324
RX = 0.000000
RY = 0.000000
RZ = 0.000000
OX = 1067.308837
OY = 2403.247558
OZ = 7.030324
ORX = 0.000000
ORY = 0.000000
ORZ = 0.000000
OrgID = 0
Perm = 0
