ObjID = 968
X = 514.813720
Y = 480.687286
Z = 18.703407
RX = -0.800002
RY = 89.899971
RZ = 34.499980
OX = 514.813720
OY = 480.687286
OZ = 18.803408
ORX = -0.800002
ORY = 0.0
ORZ = 34.499980
OrgID = 0
Perm = 7
