ObjID = 968
X = 526.670227
Y = 464.019012
Z = 18.629787
RX = 0.000000
RY = -89.999984
RZ = 34.999973
OX = 526.670227
OY = 464.019012
OZ = 18.729787
ORX = 0.000000
ORY = 0.000000
ORZ = 34.999973
OrgID = 0
Perm = 7
