ObjID = 968
X = -486.802795
Y = 1059.240844
Z = 10.835893
RX = 0
RY = 90.599998
RZ = 59.800006
OX = -486.802795
OY = 1059.240844
OZ = 10.935893
ORX = 0
ORY = 0
ORZ = 59.800006
OrgID = 0
Perm = 7
