ObjID = 968
X = -468.773834
Y = 1049.118408
Z = 10.720011
RX = 0.000000
RY = -89.500007
RZ = 59.699996
OX = -468.773834
OY = 1049.118408
OZ = 10.820011
ORX = 0
ORY = 0
ORZ = 59.699996
OrgID = 0
Perm = 7
