ObjID = 968
X = -627.087829
Y = 662.582946
Z = 16.407302
RX = 0.000000
RY = -90.100021
RZ = 66.499969
OX = -627.087829
OY = 662.582946
OZ = 16.507302
ORX = 0.000000
ORY = 0
ORZ = 66.499969
OrgID = 0
Perm = 7
