Ime = Spawn
X = 1194.173828
Y = 285.888824
Z = 19.075412
