Ime = Benzinska Pumpa
X = 1365.013793
Y = 468.174041
Z = 20.111080
