Ime = Auto Skola
X = 1243.497070
Y = 162.838760
Z = 19.641017
