Ime = Zlatara
X = 1231.405273
Y = 19.406250
Z = 244.048431
