Ime = Spawn
X = 91.320106
Y = 1180.939331
Z = 18.664062
