Ime = Gun Shop
X = -304.474426
Y = 828.178466
Z = 13.246981
