Ime = Auto Skola
X = -73.578109
Y = 1364.197143
Z = 10.138973
