Ime = Zlatara
X = -317.965484
Y = 19.742187
Z = 1155.693969
