Ime = Opstina
X = -206.482192
Y = 1148.412963
Z = 19.755638
