Ime = Banka
X = -184.327285
Y = 1115.036743
Z = 19.742187
