Ime = Posta
X = -152.665985
Y = 1090.587036
Z = 19.742187
