Ime = Salon Vozila
X = 101.067001
Y = 1078.090576
Z = 13.609375
