Ime = Market 24/7
X = -93.374839
Y = 1193.420532
Z = 19.258972
