Ime = Benzinska Pumpa
X = 74.374671
Y = 1216.111328
Z = 18.826883
