Ime = Bolnica
X = -320.399383
Y = 1063.453857
Z = 19.742187
