Ime = Restoran
X = 170.899551
Y = 1158.971557
Z = 14.608186
