X = -104.210952
Y = 1044.165649
Z = 19.803535
House = 78
