X = -156.969345
Y = 978.583435
Z = 18.400402
House = 88
