X = -178.213088
Y = 994.114013
Z = 19.650840
House = 84
