X = -240.055099
Y = 996.072937
Z = 19.742187
House = 42
