X = -253.348892
Y = 1158.864624
Z = 19.742187
House = 2
