X = -367.793701
Y = 1102.903198
Z = 19.742187
House = 38
