X = -26.023639
Y = 1120.660400
Z = 19.742187
House = 46
