X = 6.722757
Y = 1083.863647
Z = 19.742187
House = 47
