X = -119.825469
Y = 1020.113647
Z = 19.816312
House = 75
